[17.772364909721706, 0.9552608747652394, 0.0, 0.0, 0.0, 0.03732610332388918, 0.999303138197141]
[18.009074966188116, 0.9623125309213221, 0.0, 0.0, 0.0, 0.02016679684785849, 0.9997966294726629]
[18.251606350333894, 0.9680773498140162, 0.0, 0.0, 0.0, 0.019869472160514302, 0.9998025825512067]
[18.49851240833997, 0.9712438250218088, 0.0, 0.0, 0.0, 0.020506847938710073, 0.9997897124833894]
[18.25168810075089, 0.9406606431446836, 0.0, 0.0, 0.0, 0.12133672590171256, 0.9926114037967994]
[18.15739042328657, 0.9077290787793122, 0.0, 0.0, 0.0, 0.2238171145950308, 0.97463116060095]
[18.11313353012511, 0.8791640783283337, 0.0, 0.0, 0.0, 0.3244606087476303, 0.945899208885977]
[18.076952958222858, 0.8362127074128993, 0.0, 0.0, 0.0, 0.4187824022739312, 0.9080866145614499]
[18.04646066955228, 0.7875864982074777, 0.0, 0.0, 0.0, 0.5065572896172262, 0.8622063049732642]
[18.02635482814917, 0.7245776769837425, 0.0, 0.0, 0.0, 0.5943050763496553, 0.8042396882926323]
[18.016340215488775, 0.665605349852421, 0.0, 0.0, 0.0, 0.6728803277100046, 0.7397513532132786]
[18.01564562222675, 0.6040383366260211, 0.0, 0.0, 0.0, 0.7467048569961637, 0.6651555130481432]
[18.02604836722519, 0.5513424024389431, 0.0, 0.0, 0.0, 0.8111376654197797, 0.5848552707613649]
[18.043459678671713, 0.49933565720290085, 0.0, 0.0, 0.0, 0.867907233940718, 0.4967263162681958]
[18.07717267495587, 0.4549809552944553, 0.0, 0.0, 0.0, 0.9133574091077482, 0.40715874450634293]
[18.110383769739915, 0.4204987187864897, 0.0, 0.0, 0.0, 0.9506338212162729, 0.3103149012853674]
[18.148195361811613, 0.3969948748431287, 0.0, 0.0, 0.0, 0.9787576112323412, 0.2050208244417169]
[18.19695773992993, 0.3834936870380185, 0.0, 0.0, 0.0, 0.9946817859015696, 0.10299584843897383]
[18.205256961387065, 0.384525306457077, 0.0, 0.0, 0.0, 0.9999999223328853, 0.0003941246293880954]
[17.967077814462904, 0.36112105341825107, 0.0, 0.0, 0.0, -0.9986472153786661, 0.05199749240527061]
[17.71233688709619, 0.33333064913903393, 0.0, 0.0, 0.0, -0.9985551657426958, 0.05373621654505879]
[17.470405551603726, 0.3067280678439799, 0.0, 0.0, 0.0, -0.9985267918166475, 0.05426090696213593]
[17.2185927714003, 0.2775910247994569, 0.0, 0.0, 0.0, -0.9984790925495262, 0.05513167638912024]
[16.970548162654506, 0.2498315437843057, 0.0, 0.0, 0.0, -0.9985647931969527, 0.05355701436345379]
[16.73759323457731, 0.21611403414477376, 0.0, 0.0, 0.0, -0.9984354654186828, 0.05591619974728499]
[16.490507082708863, 0.17811480452065004, 0.0, 0.0, 0.0, -0.9983172745237897, 0.057988096945772505]
[16.245786497675553, 0.13772571798538538, 0.0, 0.0, 0.0, -0.9981713857814285, 0.06044737055639987]
[15.99588490789843, 0.09782050198732122, 0.0, 0.0, 0.0, -0.9979345483881823, 0.06423890669426584]
[15.749124975013144, 0.05075840136471381, 0.0, 0.0, 0.0, -0.9978123560384229, 0.06610977338526906]
[15.496907899311692, 0.012153607707590039, 0.0, 0.0, 0.0, -0.9978327094324547, 0.06580185397605824]
[15.247740693027994, -0.041237025099692036, 0.0, 0.0, 0.0, -0.9976622564806732, 0.0683375591742298]
[14.998829062069868, -0.08783766387710568, 0.0, 0.0, 0.0, -0.9975618916152587, 0.06978733693863792]
